Height[m]  Pressure[hPa]  Temperature[°C]  Dewpoint[°C]  Wind direction[°]  Wind speed[m/s]
20         966.34         10.99            -9.03         154.0              3.20
30         965.19         12.13            -8.19         187.6              2.74
40         964.04         13.31            -7.43         218.6              2.50
50         962.90         14.36            -7.07         261.8              2.46
60         961.77         15.29            -6.92         294.8              2.46
70         960.64         16.00            -7.01         313.6              2.34
80         959.51         16.49            -7.14         322.8              2.27
90         958.38         16.99            -7.30         331.1              2.29
100        957.26         17.47            -7.43         335.4              2.28
110        956.15         17.93            -7.50         330.5              2.29
120        955.03         18.33            -7.49         330.9              2.31
130        953.92         18.66            -7.42         331.7              2.34
140        952.81         18.94            -7.30         329.5              2.35
150        951.71         19.20            -7.16         325.6              2.31
160        950.60         19.43            -7.01         323.3              2.31
170        949.50         19.68            -6.82         320.8              2.26
180        948.40         19.91            -6.63         316.9              2.27
190        947.30         20.10            -6.50         312.7              2.17
200        946.21         20.27            -6.43         308.9              2.07
210        945.11         20.41            -6.47         306.5              1.99
220        944.02         20.51            -6.60         307.1              1.90
230        942.93         20.60            -6.79         306.3              1.82
240        941.84         20.69            -7.00         306.5              1.76
250        940.75         20.77            -7.21         308.4              1.74
260        939.66         20.84            -7.37         308.4              1.75
270        938.58         20.90            -7.46         308.0              1.81
280        937.49         20.93            -7.50         309.4              1.84
290        936.41         20.95            -7.52         314.4              1.95
300        935.33         20.96            -7.52         320.7              2.09
310        934.25         20.96            -7.50         325.2              2.19
320        933.17         20.96            -7.42         332.9              2.31
330        932.09         20.96            -7.27         336.0              2.40
340        931.01         20.95            -7.11         336.2              2.49
350        929.94         20.95            -6.95         335.2              2.57
360        928.86         20.95            -6.82         334.5              2.59
370        927.79         20.95            -6.76         334.7              2.61
380        926.72         20.94            -6.75         334.7              2.60
390        925.64         20.93            -6.80         333.6              2.58
400        924.57         20.90            -6.87         332.6              2.51
410        923.51         20.86            -6.98         330.8              2.49
420        922.44         20.80            -7.10         330.5              2.47
430        921.37         20.74            -7.20         330.6              2.41
440        920.31         20.68            -7.26         331.0              2.37
450        919.24         20.61            -7.32         334.0              2.36
460        918.18         20.54            -7.37         334.2              2.40
470        917.12         20.47            -7.40         332.9              2.36
480        916.06         20.40            -7.42         330.1              2.38
490        915.00         20.32            -7.46         325.1              2.43
500        913.94         20.22            -7.55         318.6              2.49
510        912.88         20.13            -7.64         311.7              2.52
520        911.82         20.04            -7.78         304.2              2.61
530        910.77         19.96            -7.92         298.2              2.82
540        909.71         19.88            -8.07         291.1              2.93
550        908.66         19.82            -8.21         285.7              3.10
560        907.60         19.78            -8.32         282.5              3.30
570        906.55         19.75            -8.39         281.0              3.56
580        905.50         19.75            -8.42         281.3              3.76
590        904.45         19.77            -8.39         282.9              3.98
600        903.40         19.79            -8.34         285.7              4.16
610        902.36         19.82            -8.27         287.1              4.34
620        901.31         19.84            -8.21         287.1              4.42
630        900.27         19.86            -8.15         287.5              4.45
640        899.22         19.86            -8.13         288.0              4.53
650        898.18         19.85            -8.11         287.9              4.58
660        897.14         19.83            -8.10         286.9              4.57
670        896.10         19.81            -8.09         286.6              4.60
680        895.06         19.77            -8.09         286.8              4.74
690        894.02         19.72            -8.10         285.7              4.81
700        892.98         19.68            -8.09         285.0              4.88
710        891.95         19.62            -8.08         284.2              4.96
720        890.91         19.57            -8.04         283.8              5.01
730        889.88         19.51            -7.94         282.4              5.01
740        888.85         19.45            -7.80         280.5              4.98
750        887.82         19.39            -7.64         279.2              4.93
760        886.79         19.34            -7.46         277.8              4.86
770        885.76         19.31            -7.29         279.1              4.75
780        884.73         19.30            -7.06         281.6              4.59
790        883.71         19.30            -6.85         284.8              4.54
800        882.68         19.32            -6.58         288.2              4.50
810        881.66         19.37            -6.32         291.0              4.42
820        880.63         19.44            -6.14         293.5              4.38
830        879.61         19.50            -6.05         293.3              4.44
840        878.59         19.57            -6.07         292.4              4.43
850        877.57         19.62            -6.12         292.5              4.42
860        876.55         19.66            -6.18         292.7              4.40
870        875.54         19.69            -6.21         292.5              4.40
880        874.52         19.70            -6.20         292.9              4.42
890        873.51         19.70            -6.19         293.9              4.35
900        872.49         19.69            -6.19         294.7              4.25
910        871.48         19.66            -6.21         295.8              4.17
920        870.47         19.62            -6.24         295.9              4.12
930        869.46         19.57            -6.25         297.6              3.97
940        868.45         19.52            -6.25         299.3              3.82
950        867.44         19.47            -6.16         301.5              3.71
960        866.43         19.41            -5.98         305.2              3.60
970        865.43         19.35            -5.72         308.2              3.49
980        864.42         19.27            -5.42         308.6              3.38
990        863.42         19.21            -5.18         307.9              3.29
1000       862.42         19.15            -5.02         307.2              3.22
1010       861.42         19.09            -4.92         307.3              3.15
1020       860.41         19.03            -4.86         307.2              3.10
1030       859.42         18.96            -4.83         308.6              3.06
1040       858.42         18.90            -4.83         311.0              3.03
1050       857.42         18.83            -4.84         311.9              3.02
1060       856.42         18.77            -4.87         310.5              3.03
1070       855.43         18.71            -4.90         309.5              3.01
1080       854.43         18.64            -4.92         310.6              3.00
1090       853.44         18.58            -4.94         312.0              3.00
1100       852.45         18.50            -4.92         313.4              2.98
1110       851.46         18.42            -4.85         315.4              2.94
1120       850.46         18.33            -4.74         317.1              2.88
1130       849.47         18.25            -4.62         318.0              2.84
1140       848.49         18.17            -4.51         317.7              2.79
1150       847.50         18.10            -4.43         318.5              2.74
1160       846.51         18.02            -4.38         320.9              2.68
1170       845.52         17.94            -4.36         322.6              2.65
1180       844.54         17.85            -4.37         322.9              2.62
1190       843.55         17.75            -4.40         325.0              2.59
1200       842.57         17.66            -4.44         327.0              2.56
1210       841.59         17.57            -4.49         328.3              2.60
1220       840.60         17.49            -4.53         329.6              2.64
1230       839.62         17.42            -4.55         331.0              2.66
1240       838.64         17.35            -4.57         333.2              2.73
1250       837.66         17.27            -4.57         333.4              2.80
1260       836.68         17.19            -4.57         334.1              2.96
1270       835.71         17.10            -4.55         335.4              3.12
1280       834.73         17.00            -4.52         336.4              3.24
1290       833.75         16.91            -4.47         337.5              3.37
1300       832.78         16.83            -4.42         339.8              3.50
1310       831.80         16.73            -4.38         343.3              3.54
1320       830.83         16.66            -4.39         346.6              3.58
1330       829.86         16.58            -4.48         350.3              3.64
1340       828.88         16.51            -4.62         352.9              3.68
1350       827.91         16.45            -4.81         355.2              3.67
1360       826.94         16.39            -5.04         356.2              3.59
1370       825.97         16.33            -5.28         356.7              3.54
1380       825.01         16.26            -5.51         357.2              3.48
1390       824.04         16.21            -5.70         356.9              3.37
1400       823.07         16.16            -5.87         356.1              3.27
1410       822.11         16.10            -6.02         355.6              3.20
1420       821.14         16.05            -6.15         354.5              3.09
1430       820.18         15.98            -6.27         353.0              2.96
1440       819.22         15.91            -6.37         352.2              2.90
1450       818.25         15.85            -6.38         352.6              2.82
1460       817.29         15.78            -6.32         353.2              2.76
1470       816.33         15.71            -6.20         353.8              2.71
1480       815.37         15.63            -5.97         355.2              2.69
1490       814.42         15.55            -5.69         357.1              2.68
1500       813.46         15.46            -5.44         358.7              2.68
1510       812.50         15.38            -5.28         358.0              2.68
1520       811.55         15.29            -5.24         356.6              2.65
1530       810.59         15.22            -5.31         355.0              2.66
1540       809.64         15.14            -5.42         353.6              2.63
1550       808.69         15.07            -5.54         352.2              2.60
1560       807.73         14.98            -5.61         351.6              2.57
1570       806.78         14.90            -5.63         353.2              2.54
1580       805.83         14.80            -5.58         353.4              2.52
1590       804.88         14.71            -5.47         353.2              2.54
1600       803.93         14.61            -5.30         353.1              2.49
1610       802.99         14.53            -5.13         351.7              2.49
1620       802.04         14.44            -4.94         351.4              2.53
1630       801.09         14.34            -4.76         350.9              2.53
1640       800.15         14.24            -4.63         352.0              2.51
1650       799.20         14.14            -4.57         353.9              2.53
1660       798.26         14.04            -4.57         355.1              2.55
1670       797.32         13.94            -4.59         357.5              2.54
1680       796.37         13.84            -4.60         358.7              2.54
1690       795.43         13.76            -4.57         358.1              2.54
1700       794.49         13.67            -4.50         358.0              2.56
1710       793.55         13.57            -4.37         357.9              2.56
1720       792.61         13.47            -4.24         358.4              2.58
1730       791.68         13.37            -4.13         359.1              2.61
1740       790.74         13.26            -4.07         359.5              2.64
1750       789.80         13.16            -4.04         0.3                2.64
1760       788.87         13.08            -4.04         0.2                2.66
1770       787.93         12.98            -4.06         1.5                2.68
1780       787.00         12.90            -4.07         2.9                2.65
1790       786.06         12.80            -4.08         4.7                2.62
1800       785.13         12.70            -4.09         5.7                2.63
1810       784.20         12.60            -4.11         5.7                2.60
1820       783.27         12.52            -4.13         6.0                2.55
1830       782.34         12.43            -4.15         5.1                2.54
1840       781.41         12.35            -4.17         5.1                2.52
1850       780.48         12.25            -4.19         5.2                2.49
1860       779.55         12.15            -4.23         6.5                2.45
1870       778.63         12.04            -4.30         8.9                2.43
1880       777.70         11.94            -4.38         10.0               2.42
1890       776.77         11.86            -4.46         10.4               2.38
1900       775.85         11.77            -4.52         11.0               2.34
1910       774.93         11.70            -4.55         12.4               2.34
1920       774.00         11.60            -4.54         9.9                2.32
1930       773.08         11.53            -4.50         7.5                2.25
1940       772.16         11.43            -4.41         5.3                2.20
1950       771.24         11.34            -4.33         3.9                2.21
1960       770.32         11.23            -4.24         2.2                2.20
1970       769.40         11.13            -4.19         2.2                2.18
1980       768.48         11.03            -4.16         3.5                2.20
1990       767.57         10.94            -4.15         3.5                2.23
2000       766.65         10.85            -4.13         359.8              2.26
2010       765.73         10.76            -4.10         356.4              2.28
2020       764.82         10.66            -4.05         352.5              2.32
2030       763.91         10.56            -3.98         346.6              2.37
2040       762.99         10.45            -3.91         341.7              2.43
2050       762.08         10.35            -3.86         340.1              2.44
2060       761.17         10.26            -3.85         338.2              2.45
2070       760.26         10.19            -3.87         336.1              2.47
2080       759.35         10.11            -3.92         334.9              2.46
2090       758.44         10.03            -3.99         330.8              2.43
2100       757.53         9.95             -4.08         327.2              2.42
2110       756.62         9.88             -4.16         324.1              2.42
2120       755.72         9.79             -4.26         323.1              2.45
2130       754.81         9.71             -4.35         325.6              2.47
2140       753.90         9.64             -4.44         326.3              2.56
2150       753.00         9.57             -4.55         329.3              2.65
2160       752.10         9.51             -4.66         328.6              2.73
2170       751.19         9.44             -4.79         325.9              2.80
2180       750.29         9.38             -4.93         323.7              2.92
2190       749.39         9.32             -5.05         321.1              3.11
2200       748.49         9.26             -5.16         319.8              3.15
2210       747.59         9.20             -5.26         319.2              3.13
2220       746.69         9.13             -5.39         322.5              3.10
2230       745.80         9.07             -5.56         325.8              3.02
2240       744.90         9.01             -5.76         326.8              2.92
2250       744.01         8.96             -6.02         325.2              2.81
2260       743.11         8.90             -6.33         328.2              2.63
2270       742.22         8.83             -6.67         327.6              2.56
2280       741.32         8.75             -6.97         328.9              2.50
2290       740.43         8.68             -7.21         325.9              2.35
2300       739.54         8.60             -7.33         326.3              2.33
2310       738.65         8.53             -7.42         326.3              2.35
2320       737.76         8.44             -7.45         321.6              2.38
2330       736.87         8.36             -7.42         321.6              2.40
2340       735.98         8.25             -7.40         319.3              2.35
2350       735.09         8.13             -7.37         321.8              2.36
2360       734.21         8.02             -7.38         321.6              2.45
2370       733.32         7.93             -7.41         321.7              2.41
2380       732.44         7.84             -7.45         323.1              2.41
2390       731.55         7.77             -7.48         324.6              2.43
2400       730.67         7.69             -7.52         326.6              2.46
2410       729.79         7.62             -7.56         328.3              2.51
2420       728.90         7.53             -7.60         328.6              2.50
2430       728.02         7.44             -7.66         328.0              2.50
2440       727.14         7.34             -7.71         326.3              2.49
2450       726.26         7.25             -7.76         324.7              2.49
2460       725.38         7.16             -7.80         323.5              2.51
2470       724.51         7.07             -7.84         322.2              2.48
2480       723.63         7.00             -7.86         321.7              2.43
2490       722.75         6.90             -7.88         320.8              2.41
2500       721.88         6.84             -7.90         319.4              2.44
2510       721.00         6.74             -7.93         320.6              2.42
2520       720.13         6.64             -8.00         324.8              2.48
2530       719.25         6.52             -8.09         330.9              2.47
2540       718.38         6.40             -8.19         336.4              2.47
2550       717.51         6.31             -8.27         337.1              2.43
2560       716.64         6.23             -8.33         337.5              2.34
2570       715.77         6.14             -8.39         334.9              2.31
2580       714.90         6.06             -8.46         332.2              2.27
2590       714.03         5.97             -8.53         327.9              2.24
2600       713.16         5.88             -8.60         322.6              2.20
2610       712.29         5.78             -8.69         320.2              2.14
2620       711.43         5.69             -8.76         317.3              2.10
2630       710.56         5.58             -8.81         318.7              2.16
2640       709.70         5.47             -8.85         320.3              2.16
2650       708.83         5.35             -8.88         322.8              2.16
2660       707.97         5.24             -8.91         325.0              2.16
2670       707.10         5.15             -8.94         324.7              2.17
2680       706.24         5.08             -8.98         323.4              2.24
2690       705.38         4.98             -9.02         322.4              2.27
2700       704.52         4.88             -9.06         323.6              2.27
2710       703.66         4.79             -9.09         323.4              2.34
2720       702.80         4.70             -9.11         323.3              2.41
2730       701.94         4.59             -9.14         322.1              2.40
2740       701.09         4.49             -9.18         321.1              2.35
2750       700.23         4.39             -9.22         317.4              2.31
2760       699.37         4.28             -9.27         312.1              2.26
2770       698.52         4.20             -9.31         307.7              2.16
2780       697.66         4.10             -9.35         304.7              2.01
2790       696.81         4.00             -9.39         303.8              1.91
2800       695.95         3.91             -9.42         303.0              1.83
2810       695.10         3.80             -9.46         301.8              1.80
2820       694.25         3.68             -9.50         302.2              1.76
2830       693.40         3.57             -9.52         303.4              1.83
2840       692.55         3.45             -9.55         302.1              1.84
2850       691.70         3.35             -9.57         303.0              1.85
2860       690.85         3.26             -9.58         305.0              1.88
2870       690.00         3.16             -9.60         310.0              2.00
2880       689.15         3.08             -9.61         312.1              2.04
2890       688.31         2.97             -9.63         315.0              2.12
2900       687.46         2.86             -9.64         316.3              2.27
2910       686.62         2.75             -9.66         314.5              2.35
2920       685.77         2.62             -9.68         310.9              2.43
2930       684.93         2.52             -9.71         308.7              2.41
2940       684.08         2.43             -9.73         307.9              2.45
2950       683.24         2.36             -9.75         306.2              2.39
2960       682.40         2.26             -9.78         305.6              2.29
2970       681.56         2.17             -9.81         305.5              2.17
2980       680.72         2.07             -9.84         305.2              2.05
2990       679.88         1.98             -9.87         303.5              1.93
3000       679.04         1.89             -9.91         304.0              1.87
3010       678.20         1.82             -9.96         305.6              1.88
3020       677.37         1.73             -10.01        305.0              1.90
3030       676.53         1.66             -10.06        306.1              2.03
3040       675.70         1.58             -10.11        304.8              2.24
3050       674.86         1.50             -10.18        302.4              2.48
3060       674.03         1.43             -10.33        297.0              2.74
3070       673.19         1.38             -10.58        291.2              2.99
3080       672.36         1.37             -11.04        289.1              3.29
3090       671.53         1.38             -11.52        287.8              3.56
3100       670.70         1.40             -12.16        289.1              3.82
3110       669.87         1.43             -12.89        288.7              4.00
3120       669.05         1.46             -13.69        288.5              4.29
3130       668.22         1.50             -14.63        288.1              4.62
3140       667.39         1.54             -15.67        287.0              4.94
3150       666.57         1.58             -16.84        285.6              5.31
3160       665.74         1.62             -17.97        283.6              5.72
3170       664.92         1.65             -18.96        282.5              6.15
3180       664.10         1.67             -19.78        281.1              6.49
3190       663.28         1.68             -20.64        279.7              6.90
3200       662.46         1.69             -21.37        279.3              7.25
3210       661.64         1.71             -22.20        279.9              7.72
3220       660.82         1.73             -23.09        280.8              8.12
3230       660.00         1.76             -24.05        281.0              8.46
3240       659.19         1.80             -25.07        281.0              8.77
3250       658.37         1.83             -26.09        281.0              8.98
3260       657.56         1.86             -26.91        281.1              9.16
3270       656.74         1.89             -27.76        280.7              9.28
3280       655.93         1.91             -28.45        280.8              9.32
3290       655.12         1.93             -29.26        281.1              9.36
3300       654.31         1.94             -29.98        281.1              9.37
3310       653.50         1.95             -30.59        280.7              9.35
3320       652.69         1.94             -31.05        280.1              9.35
3330       651.89         1.92             -31.33        280.0              9.36
3340       651.08         1.89             -31.43        280.0              9.39
3350       650.27         1.86             -31.47        279.8              9.47
3360       649.47         1.82             -31.45        279.8              9.55
3370       648.67         1.77             -31.41        279.8              9.66
3380       647.86         1.71             -31.40        279.2              9.75
3390       647.06         1.66             -31.43        278.4              9.87
3400       646.26         1.59             -31.55        277.3              10.05
3410       645.46         1.53             -31.85        276.7              10.21
3420       644.66         1.46             -32.23        276.2              10.25
3430       643.86         1.41             -32.79        275.9              10.38
3440       643.07         1.36             -33.49        275.5              10.49
3450       642.27         1.32             -34.27        275.7              10.55
3460       641.48         1.28             -35.13        275.7              10.58
3470       640.68         1.24             -36.09        275.5              10.60
3480       639.89         1.20             -36.91        275.8              10.65
3490       639.10         1.16             -37.68        275.8              10.66
3500       638.30         1.12             -38.43        275.8              10.61
3510       637.51         1.07             -39.08        276.0              10.54
3520       636.72         1.02             -39.57        275.7              10.53
3530       635.93         0.96             -39.93        275.4              10.47
3540       635.14         0.90             -40.08        274.7              10.42
3550       634.36         0.84             -39.99        274.5              10.38
3560       633.57         0.78             -39.76        274.4              10.35
3570       632.78         0.72             -39.48        274.1              10.32
3580       632.00         0.65             -39.07        274.7              10.29
3590       631.21         0.57             -38.58        275.5              10.32
3600       630.43         0.48             -38.05        275.4              10.37
3610       629.65         0.39             -37.39        275.2              10.36
3620       628.86         0.31             -36.66        275.2              10.36
3630       628.08         0.22             -35.89        274.8              10.35
3640       627.30         0.15             -35.25        274.3              10.29
3650       626.52         0.06             -34.60        274.0              10.22
3660       625.74         -0.02            -34.12        274.0              10.16
3670       624.96         -0.11            -33.72        273.6              10.14
3680       624.19         -0.20            -33.51        273.3              10.13
3690       623.41         -0.28            -33.41        272.9              10.09
3700       622.63         -0.35            -33.41        272.2              10.04
3710       621.86         -0.42            -33.48        271.6              10.08
3720       621.08         -0.50            -33.65        271.1              10.11
3730       620.31         -0.58            -33.90        270.3              10.14
3740       619.54         -0.66            -34.21        269.7              10.19
3750       618.76         -0.74            -34.51        269.2              10.19
3760       617.99         -0.82            -34.78        268.9              10.22
3770       617.22         -0.89            -34.90        268.5              10.21
3780       616.45         -0.97            -34.87        268.5              10.17
3790       615.68         -1.04            -34.74        268.7              10.18
3800       614.91         -1.13            -34.46        268.7              10.18
3810       614.14         -1.21            -34.10        269.0              10.19
3820       613.38         -1.30            -33.73        269.5              10.20
3830       612.61         -1.38            -33.44        270.2              10.22
3840       611.84         -1.46            -33.23        271.0              10.22
3850       611.08         -1.53            -33.13        271.5              10.28
3860       610.31         -1.62            -33.05        271.8              10.31
3870       609.55         -1.71            -33.07        271.9              10.35
3880       608.79         -1.80            -33.18        270.9              10.45
3890       608.02         -1.88            -33.36        269.6              10.48
3900       607.26         -1.96            -33.59        268.3              10.55
3910       606.50         -2.02            -33.86        267.3              10.67
3920       605.74         -2.08            -34.18        266.6              10.80
3930       604.98         -2.12            -34.57        266.4              10.93
3940       604.22         -2.16            -35.04        266.5              11.09
3950       603.47         -2.19            -35.65        267.2              11.27
3960       602.71         -2.22            -36.38        267.9              11.49
3970       601.95         -2.24            -37.12        268.8              11.68
3980       601.20         -2.26            -37.86        269.4              11.81
3990       600.44         -2.29            -38.47        269.9              11.99
4000       599.69         -2.31            -38.89        270.1              12.15
4010       598.94         -2.35            -39.23        270.3              12.23
4020       598.19         -2.39            -39.45        270.6              12.30
4030       597.43         -2.44            -39.59        271.0              12.41
4040       596.68         -2.49            -39.58        271.2              12.48
4050       595.94         -2.56            -39.49        271.4              12.49
4060       595.19         -2.62            -39.34        271.7              12.52
4070       594.44         -2.69            -39.08        272.1              12.56
4080       593.69         -2.76            -38.82        272.2              12.57
4090       592.95         -2.84            -38.52        272.7              12.53
4100       592.20         -2.91            -38.34        273.3              12.50
4110       591.46         -2.98            -38.26        273.6              12.53
4120       590.71         -3.06            -38.31        273.5              12.52
4130       589.97         -3.15            -38.45        273.6              12.47
4140       589.23         -3.23            -38.66        273.8              12.46
4150       588.48         -3.31            -38.90        273.6              12.45
4160       587.74         -3.38            -39.08        273.6              12.42
4170       587.00         -3.46            -39.26        274.0              12.34
4180       586.26         -3.54            -39.39        274.2              12.24
4190       585.52         -3.61            -39.49        274.1              12.16
4200       584.79         -3.70            -39.56        274.3              12.07
4210       584.05         -3.79            -39.64        274.2              11.89
4220       583.31         -3.87            -39.74        274.0              11.78
4230       582.57         -3.95            -39.88        272.8              11.76
4240       581.84         -4.02            -40.07        271.7              11.71
4250       581.10         -4.09            -40.33        270.8              11.70
4260       580.37         -4.14            -40.68        269.9              11.74
4270       579.64         -4.19            -41.01        269.4              11.81
4280       578.91         -4.24            -41.40        268.3              11.87
4290       578.17         -4.29            -41.76        267.9              11.92
4300       577.44         -4.35            -42.03        267.5              11.97
4310       576.71         -4.41            -42.16        266.7              12.06
4320       575.98         -4.47            -42.17        266.3              12.06
4330       575.26         -4.52            -42.11        266.0              12.06
4340       574.53         -4.58            -42.02        265.9              12.14
4350       573.80         -4.65            -41.88        265.4              12.17
4360       573.07         -4.73            -41.72        264.8              12.17
4370       572.35         -4.81            -41.56        264.8              12.19
4380       571.62         -4.92            -41.37        264.8              12.27
4390       570.90         -5.01            -41.26        264.4              12.25
4400       570.18         -5.09            -41.15        263.9              12.21
4410       569.45         -5.17            -41.05        263.1              12.16
4420       568.73         -5.25            -40.96        262.6              12.17
4430       568.01         -5.35            -40.84        261.7              12.12
4440       567.29         -5.42            -40.74        260.8              12.02
4450       566.57         -5.51            -40.61        259.8              11.95
4460       565.85         -5.60            -40.49        258.5              11.87
4470       565.13         -5.70            -40.33        257.2              11.79
4480       564.41         -5.80            -40.14        256.4              11.70
4490       563.70         -5.89            -39.96        256.0              11.66
4500       562.98         -5.96            -39.81        256.1              11.60
4510       562.26         -6.04            -39.62        256.1              11.56
4520       561.55         -6.10            -39.46        256.2              11.56
4530       560.83         -6.19            -39.25        256.4              11.51
4540       560.12         -6.27            -39.09        256.4              11.49
4550       559.41         -6.36            -38.91        256.9              11.45
4560       558.69         -6.44            -38.76        257.5              11.48
4570       557.98         -6.53            -38.65        257.6              11.45
4580       557.27         -6.60            -38.57        257.6              11.40
4590       556.56         -6.69            -38.50        257.6              11.31
4600       555.85         -6.75            -38.45        257.8              11.29
4610       555.14         -6.84            -38.39        258.1              11.27
4620       554.43         -6.93            -38.33        258.5              11.15
4630       553.72         -7.01            -38.26        259.2              11.09
4640       553.02         -7.10            -38.21        260.1              11.07
4650       552.31         -7.18            -38.18        261.1              11.05
4660       551.61         -7.25            -38.17        261.6              10.98
4670       550.90         -7.32            -38.17        261.9              10.90
4680       550.20         -7.39            -38.18        262.7              10.91
4690       549.49         -7.47            -38.20        263.6              10.92
4700       548.79         -7.55            -38.22        264.2              10.86
4710       548.09         -7.64            -38.24        264.6              10.88
4720       547.39         -7.72            -38.26        265.3              10.95
4730       546.69         -7.80            -38.28        265.6              10.99
4740       545.99         -7.86            -38.29        265.5              11.03
4750       545.29         -7.95            -38.31        265.1              11.10
4760       544.59         -8.02            -38.31        265.1              11.19
4770       543.89         -8.10            -38.30        264.8              11.27
4780       543.19         -8.17            -38.27        264.6              11.29
4790       542.50         -8.26            -38.22        263.9              11.32
4800       541.80         -8.35            -38.14        263.5              11.34
4810       541.10         -8.45            -38.03        263.2              11.31
4820       540.41         -8.54            -37.95        262.8              11.33
4830       539.72         -8.62            -37.86        262.6              11.36
4840       539.02         -8.69            -37.80        262.2              11.37
4850       538.33         -8.78            -37.73        261.9              11.40
4860       537.64         -8.87            -37.67        261.6              11.41
4870       536.95         -8.95            -37.62        261.1              11.46
4880       536.26         -9.04            -37.57        261.0              11.53
4890       535.57         -9.17            -37.49        260.8              11.56
4900       534.88         -9.28            -37.41        260.6              11.56
4910       534.19         -9.40            -37.34        260.4              11.57
4920       533.50         -9.48            -37.28        260.0              11.58
4930       532.81         -9.55            -37.23        259.7              11.58
4940       532.13         -9.61            -37.19        259.6              11.56
4950       531.44         -9.71            -37.13        259.5              11.58
4960       530.75         -9.80            -37.09        259.5              11.63
4970       530.07         -9.91            -37.06        260.0              11.65
4980       529.39         -9.98            -37.05        260.4              11.66
4990       528.70         -10.08           -37.05        261.2              11.74
5000       528.02         -10.15           -37.05        261.7              11.82
5010       527.34         -10.24           -37.06        262.4              11.76
5020       526.66         -10.33           -37.07        263.0              11.71
5030       525.97         -10.43           -37.10        263.5              11.70
5040       525.29         -10.52           -37.15        263.6              11.69
5050       524.61         -10.60           -37.23        263.7              11.58
5060       523.94         -10.66           -37.31        263.7              11.51
5070       523.26         -10.74           -37.43        264.0              11.48
5080       522.58         -10.80           -37.53        264.3              11.40
5090       521.90         -10.88           -37.65        264.8              11.25
5100       521.23         -10.96           -37.78        265.6              11.18
5110       520.55         -11.05           -37.92        266.5              11.23
5120       519.88         -11.13           -38.03        266.3              11.24
5130       519.20         -11.20           -38.13        265.9              11.18
5140       518.53         -11.25           -38.20        265.6              11.18
5150       517.86         -11.32           -38.31        265.9              11.22
5160       517.18         -11.38           -38.41        266.3              11.22
5170       516.51         -11.45           -38.54        267.0              11.22
5180       515.84         -11.52           -38.67        268.5              11.27
5190       515.17         -11.59           -38.81        269.9              11.38
5200       514.50         -11.65           -38.94        270.4              11.43
5210       513.83         -11.71           -39.07        270.6              11.45
5220       513.17         -11.76           -39.19        270.3              11.48
5230       512.50         -11.83           -39.34        270.3              11.62
5240       511.83         -11.89           -39.46        270.1              11.70
5250       511.17         -11.95           -39.59        269.1              11.75
5260       510.50         -12.03           -39.72        268.3              11.79
5270       509.84         -12.09           -39.84        268.2              11.91
5280       509.18         -12.16           -39.94        268.0              11.98
5290       508.51         -12.23           -40.05        267.1              11.90
5300       507.85         -12.29           -40.13        266.5              11.97
5310       507.19         -12.35           -40.20        266.3              12.10
5320       506.53         -12.42           -40.28        265.3              12.10
5330       505.87         -12.49           -40.35        264.0              12.07
5340       505.21         -12.57           -40.41        263.4              12.12
5350       504.55         -12.64           -40.46        263.2              12.21
5360       503.89         -12.72           -40.52        263.4              12.22
5370       503.23         -12.80           -40.57        263.3              12.11
5380       502.58         -12.89           -40.61        264.5              12.09
5390       501.92         -12.97           -40.65        265.2              12.17
5400       501.27         -13.04           -40.68        264.7              12.04
5410       500.61         -13.12           -40.70        265.1              11.88
5420       499.96         -13.19           -40.71        265.5              11.89
5430       499.30         -13.27           -40.73        265.6              11.91
5440       498.65         -13.35           -40.72        265.3              11.83
5450       498.00         -13.42           -40.73        265.3              11.74
5460       497.35         -13.50           -40.73        265.7              11.72
5470       496.70         -13.58           -40.73        265.6              11.66
5480       496.05         -13.67           -40.74        265.8              11.59
5490       495.40         -13.76           -40.74        266.1              11.49
5500       494.75         -13.85           -40.75        266.5              11.46
5510       494.10         -13.94           -40.75        266.3              11.41
5520       493.45         -14.03           -40.75        266.0              11.38
5530       492.80         -14.11           -40.75        265.7              11.36
5540       492.16         -14.19           -40.74        265.9              11.37
5550       491.51         -14.26           -40.74        266.4              11.37
5560       490.87         -14.34           -40.74        266.8              11.39
5570       490.22         -14.42           -40.75        267.5              11.41
5580       489.58         -14.49           -40.76        267.9              11.38
5590       488.94         -14.55           -40.78        268.3              11.37
5600       488.29         -14.62           -40.83        267.9              11.36
5610       487.65         -14.69           -40.92        267.7              11.30
5620       487.01         -14.77           -41.01        267.5              11.17
5630       486.37         -14.85           -41.12        267.3              11.11
5640       485.73         -14.91           -41.20        266.9              11.11
5650       485.09         -14.97           -41.27        267.0              11.10
5660       484.45         -15.05           -41.33        266.8              11.10
5670       483.82         -15.11           -41.37        265.5              11.12
5680       483.18         -15.17           -41.38        264.0              11.16
5690       482.54         -15.24           -41.39        262.6              11.17
5700       481.91         -15.29           -41.39        261.5              11.22
5710       481.27         -15.35           -41.40        260.6              11.29
5720       480.64         -15.42           -41.43        260.0              11.35
5730       480.00         -15.49           -41.47        260.1              11.41
5740       479.37         -15.55           -41.53        259.5              11.41
5750       478.74         -15.62           -41.58        258.5              11.42
5760       478.11         -15.68           -41.63        258.5              11.45
5770       477.48         -15.74           -41.67        258.1              11.50
5780       476.85         -15.81           -41.72        258.2              11.52
5790       476.22         -15.89           -41.76        258.3              11.55
5800       475.59         -15.96           -41.81        258.6              11.54
5810       474.96         -16.02           -41.86        258.9              11.53
5820       474.33         -16.09           -41.93        258.6              11.55
5830       473.70         -16.15           -41.99        258.3              11.55
5840       473.08         -16.23           -42.08        258.0              11.59
5850       472.45         -16.31           -42.19        257.9              11.64
5860       471.83         -16.41           -42.30        257.3              11.68
5870       471.20         -16.49           -42.39        257.1              11.72
5880       470.58         -16.56           -42.47        256.8              11.77
5890       469.96         -16.63           -42.53        256.3              11.86
5900       469.33         -16.70           -42.59        255.9              11.98
5910       468.71         -16.77           -42.63        255.0              12.03
5920       468.09         -16.84           -42.66        254.5              12.07
5930       467.47         -16.92           -42.69        254.1              12.16
5940       466.85         -17.01           -42.71        254.3              12.18
5950       466.23         -17.10           -42.72        254.0              12.23
5960       465.61         -17.19           -42.72        253.3              12.26
5970       464.99         -17.27           -42.72        252.7              12.19
5980       464.38         -17.34           -42.72        252.0              12.22
5990       463.76         -17.40           -42.73        251.9              12.14
6000       463.14         -17.45           -42.75        251.7              11.96
6010       462.53         -17.47           -42.81        252.8              11.77
6020       461.91         -17.45           -42.92        254.1              11.59
6030       461.30         -17.42           -43.09        254.4              11.38
6040       460.69         -17.36           -43.37        253.4              11.19
6050       460.08         -17.30           -43.64        252.1              10.94
6060       459.47         -17.23           -43.96        250.9              10.77
6070       458.86         -17.16           -44.28        249.6              10.69
6080       458.25         -17.07           -44.73        247.7              10.45
6090       457.64         -16.97           -45.16        246.7              10.24
6100       457.03         -16.87           -45.65        246.1              10.14
6110       456.43         -16.78           -46.11        245.3              9.96
6120       455.82         -16.72           -46.58        244.4              9.75
6130       455.22         -16.66           -47.02        243.4              9.50
6140       454.62         -16.62           -47.45        243.0              9.36
6150       454.01         -16.58           -47.88        242.4              9.28
6160       453.41         -16.54           -48.31        242.1              9.15
6170       452.81         -16.51           -48.72        242.2              9.08
6180       452.21         -16.48           -49.07        242.5              9.13
6190       451.61         -16.48           -49.33        243.3              9.19
6200       451.01         -16.49           -49.45        243.5              9.20
6210       450.41         -16.51           -49.47        243.3              9.30
6220       449.81         -16.54           -49.40        243.1              9.43
6230       449.22         -16.59           -49.25        243.2              9.55
6240       448.62         -16.65           -49.05        243.9              9.60
6250       448.02         -16.71           -48.86        244.6              9.66
6260       447.43         -16.77           -48.67        245.7              9.78
6270       446.84         -16.83           -48.50        247.0              9.90
6280       446.24         -16.89           -48.37        247.7              9.99
6290       445.65         -16.95           -48.22        248.3              10.06
6300       445.06         -17.03           -48.08        248.1              10.10
6310       444.47         -17.09           -47.96        247.9              10.15
6320       443.88         -17.17           -47.85        247.8              10.14
6330       443.29         -17.25           -47.74        248.4              10.18
6340       442.70         -17.32           -47.63        249.3              10.18
6350       442.11         -17.39           -47.54        251.0              10.13
6360       441.52         -17.46           -47.45        252.4              10.14
6370       440.94         -17.51           -47.38        253.7              10.09
6380       440.35         -17.59           -47.30        254.6              10.08
6390       439.76         -17.66           -47.24        254.6              10.03
6400       439.18         -17.75           -47.19        254.5              9.97
6410       438.59         -17.84           -47.16        254.0              10.00
6420       438.01         -17.93           -47.16        254.4              10.02
6430       437.43         -18.02           -47.14        254.6              9.99
6440       436.85         -18.10           -47.14        255.4              9.93
6450       436.26         -18.18           -47.14        256.4              10.04
6460       435.68         -18.27           -47.14        258.2              10.14
6470       435.10         -18.36           -47.15        259.8              10.24
6480       434.52         -18.45           -47.15        260.9              10.30
6490       433.94         -18.54           -47.17        262.2              10.46
6500       433.36         -18.63           -47.18        262.5              10.61
6510       432.78         -18.70           -47.20        262.8              10.65
6520       432.21         -18.78           -47.21        262.9              10.70
6530       431.63         -18.85           -47.23        263.2              10.78
6540       431.05         -18.93           -47.26        263.3              10.85
6550       430.48         -19.02           -47.28        263.5              10.81
6560       429.90         -19.11           -47.33        264.2              10.80
6570       429.33         -19.19           -47.37        265.2              10.84
6580       428.75         -19.28           -47.41        265.8              10.88
6590       428.18         -19.35           -47.44        266.7              10.94
6600       427.60         -19.44           -47.48        267.6              11.06
6610       427.03         -19.52           -47.52        268.3              11.17
6620       426.46         -19.62           -47.56        269.3              11.24
6630       425.89         -19.71           -47.59        270.2              11.32
6640       425.32         -19.80           -47.63        271.0              11.37
6650       424.75         -19.89           -47.68        270.5              11.42
6660       424.18         -19.98           -47.71        269.9              11.49
6670       423.61         -20.07           -47.76        269.1              11.52
6680       423.04         -20.17           -47.79        269.0              11.60
6690       422.47         -20.25           -47.82        268.9              11.66
6700       421.90         -20.34           -47.83        268.9              11.78
6710       421.34         -20.42           -47.85        269.3              11.94
6720       420.77         -20.53           -47.87        270.2              12.13
6730       420.20         -20.63           -47.89        270.0              12.37
6740       419.64         -20.72           -47.90        269.9              12.61
6750       419.07         -20.81           -47.91        270.5              12.75
6760       418.51         -20.90           -47.93        271.3              12.85
6770       417.95         -20.97           -47.93        271.5              12.95
6780       417.38         -21.06           -47.94        271.4              13.03
6790       416.82         -21.14           -47.95        271.8              13.04
6800       416.26         -21.23           -47.95        271.7              13.06
6810       415.70         -21.33           -47.94        271.0              13.11
6820       415.14         -21.40           -47.94        270.7              13.20
6830       414.58         -21.50           -47.92        270.2              13.17
6840       414.02         -21.60           -47.90        269.8              13.19
6850       413.46         -21.67           -47.89        269.4              13.25
6860       412.90         -21.75           -47.87        269.1              13.31
6870       412.34         -21.86           -47.86        268.8              13.32
6880       411.78         -21.94           -47.85        268.6              13.38
6890       411.23         -22.01           -47.84        268.6              13.39
6900       410.67         -22.08           -47.84        268.6              13.40
6910       410.11         -22.15           -47.85        268.7              13.40
6920       409.56         -22.23           -47.86        268.8              13.41
6930       409.00         -22.32           -47.87        268.8              13.50
6940       408.45         -22.42           -47.87        268.9              13.53
6950       407.90         -22.51           -47.89        268.6              13.52
6960       407.34         -22.60           -47.91        268.3              13.52
6970       406.79         -22.71           -47.94        267.7              13.49
6980       406.24         -22.77           -47.97        267.4              13.49
6990       405.69         -22.85           -48.00        267.0              13.51
7000       405.14         -22.92           -48.02        266.5              13.48
7010       404.59         -23.00           -48.05        265.9              13.48
7020       404.04         -23.09           -48.09        264.9              13.50
7030       403.49         -23.19           -48.13        264.3              13.42
7040       402.94         -23.28           -48.17        263.7              13.44
7050       402.39         -23.37           -48.21        263.6              13.48
7060       401.85         -23.45           -48.24        263.7              13.44
7070       401.30         -23.53           -48.27        263.7              13.43
7080       400.75         -23.62           -48.31        263.5              13.37
7090       400.21         -23.69           -48.35        263.1              13.31
7100       399.66         -23.78           -48.39        262.4              13.32
7110       399.12         -23.88           -48.44        262.1              13.37
7120       398.57         -23.97           -48.48        261.7              13.36
7130       398.03         -24.06           -48.53        261.2              13.36
7140       397.49         -24.15           -48.56        260.9              13.38
7150       396.94         -24.23           -48.60        260.6              13.42
7160       396.40         -24.31           -48.63        260.3              13.44
7170       395.86         -24.39           -48.67        260.0              13.46
7180       395.32         -24.47           -48.71        259.5              13.51
7190       394.78         -24.56           -48.75        258.6              13.56
7200       394.24         -24.65           -48.79        257.7              13.58
7210       393.70         -24.74           -48.83        256.8              13.59
7220       393.16         -24.83           -48.88        256.4              13.67
7230       392.63         -24.90           -48.91        256.2              13.73
7240       392.09         -24.99           -48.95        256.0              13.78
7250       391.55         -25.07           -48.99        256.0              13.81
7260       391.02         -25.17           -49.04        256.0              13.84
7270       390.48         -25.23           -49.07        255.8              13.86
7280       389.94         -25.32           -49.12        255.5              13.89
7290       389.41         -25.39           -49.17        255.5              13.96
7300       388.88         -25.50           -49.25        256.3              14.05
7310       388.34         -25.59           -49.30        256.4              14.04
7320       387.81         -25.70           -49.37        256.9              14.10
7330       387.28         -25.76           -49.41        257.1              14.26
7340       386.74         -25.84           -49.45        257.7              14.30
7350       386.21         -25.93           -49.51        258.3              14.30
7360       385.68         -26.02           -49.57        258.6              14.38
7370       385.15         -26.12           -49.63        258.9              14.44
7380       384.62         -26.22           -49.70        258.8              14.40
7390       384.09         -26.29           -49.75        258.8              14.39
7400       383.57         -26.37           -49.80        258.5              14.38
7410       383.04         -26.46           -49.86        258.3              14.37
7420       382.51         -26.54           -49.92        258.4              14.32
7430       381.98         -26.63           -49.98        258.2              14.26
7440       381.46         -26.72           -50.04        258.0              14.27
7450       380.93         -26.81           -50.10        257.9              14.32
7460       380.41         -26.91           -50.16        257.9              14.32
7470       379.88         -26.99           -50.21        258.0              14.35
7480       379.36         -27.08           -50.26        258.0              14.38
7490       378.83         -27.16           -50.31        258.3              14.40
7500       378.31         -27.26           -50.37        258.6              14.42
7510       377.79         -27.35           -50.43        258.6              14.45
7520       377.26         -27.44           -50.48        258.6              14.47
7530       376.74         -27.53           -50.55        258.4              14.48
7540       376.22         -27.64           -50.62        257.8              14.50
7550       375.70         -27.72           -50.67        257.2              14.51
7560       375.18         -27.81           -50.73        256.9              14.53
7570       374.66         -27.88           -50.78        256.7              14.58
7580       374.14         -27.98           -50.85        257.0              14.67
7590       373.62         -28.08           -50.92        257.0              14.76
7600       373.11         -28.18           -51.00        256.9              14.82
7610       372.59         -28.26           -51.06        257.0              14.89
7620       372.07         -28.36           -51.13        256.5              15.03
7630       371.56         -28.44           -51.18        256.1              15.10
7640       371.04         -28.53           -51.25        255.5              15.15
7650       370.52         -28.60           -51.30        255.0              15.18
7660       370.01         -28.69           -51.36        255.1              15.22
7670       369.50         -28.78           -51.42        254.8              15.28
7680       368.98         -28.87           -51.48        254.6              15.33
7690       368.47         -28.96           -51.54        255.2              15.34
7700       367.96         -29.05           -51.60        255.7              15.36
7710       367.44         -29.13           -51.65        255.8              15.42
7720       366.93         -29.22           -51.70        256.1              15.38
7730       366.42         -29.29           -51.75        256.5              15.35
7740       365.91         -29.36           -51.80        256.7              15.36
7750       365.40         -29.43           -51.86        256.7              15.38
7760       364.89         -29.51           -51.91        256.6              15.34
7770       364.38         -29.57           -51.96        256.3              15.31
7780       363.87         -29.64           -52.00        255.8              15.32
7790       363.37         -29.70           -52.03        255.2              15.35
7800       362.86         -29.77           -52.08        254.8              15.39
7810       362.35         -29.85           -52.14        254.6              15.42
7820       361.85         -29.94           -52.19        254.4              15.48
7830       361.34         -30.02           -52.25        254.1              15.53
7840       360.84         -30.09           -52.30        253.9              15.59
7850       360.33         -30.16           -52.35        254.2              15.67
7860       359.83         -30.22           -52.39        254.5              15.67
7870       359.33         -30.29           -52.45        254.5              15.69
7880       358.82         -30.38           -52.51        254.3              15.77
7890       358.32         -30.45           -52.57        254.1              15.87
7900       357.82         -30.53           -52.63        253.6              16.00
7910       357.32         -30.61           -52.69        253.0              16.17
7920       356.82         -30.71           -52.77        252.4              16.38
7930       356.32         -30.80           -52.83        252.2              16.58
7940       355.82         -30.89           -52.89        251.9              16.72
7950       355.32         -30.95           -52.94        251.6              16.93
7960       354.82         -31.03           -52.99        251.4              17.16
7970       354.32         -31.09           -53.02        251.3              17.30
7980       353.83         -31.15           -53.07        251.4              17.43
7990       353.33         -31.23           -53.12        251.4              17.59
8000       352.83         -31.30           -53.17        251.3              17.73
8010       352.34         -31.37           -53.22        251.4              17.86
8020       351.84         -31.43           -53.27        251.1              17.96
8030       351.35         -31.51           -53.33        250.7              18.06
8040       350.85         -31.57           -53.39        250.6              18.22
8050       350.36         -31.64           -53.44        250.5              18.29
8060       349.87         -31.71           -53.51        250.6              18.40
8070       349.38         -31.79           -53.57        250.7              18.51
8080       348.88         -31.87           -53.64        250.8              18.59
8090       348.39         -31.95           -53.70        250.8              18.69
8100       347.90         -32.03           -53.77        250.3              18.82
8110       347.41         -32.11           -53.83        250.0              18.94
8120       346.92         -32.20           -53.90        250.0              19.03
8130       346.43         -32.27           -53.96        250.0              19.14
8140       345.95         -32.35           -54.02        249.9              19.24
8150       345.46         -32.43           -54.09        249.9              19.31
8160       344.97         -32.53           -54.16        249.7              19.39
8170       344.48         -32.62           -54.22        249.6              19.51
8180       344.00         -32.70           -54.28        249.4              19.58
8190       343.51         -32.78           -54.34        249.1              19.64
8200       343.03         -32.87           -54.39        248.9              19.71
8210       342.54         -32.95           -54.45        248.9              19.77
8220       342.06         -33.04           -54.51        249.2              19.82
8230       341.57         -33.12           -54.56        249.3              19.85
8240       341.09         -33.22           -54.62        249.5              19.96
8250       340.61         -33.31           -54.68        249.6              20.03
8260       340.12         -33.42           -54.75        249.9              20.08
8270       339.64         -33.48           -54.78        249.9              20.11
8280       339.16         -33.56           -54.83        249.8              20.19
8290       338.68         -33.65           -54.88        250.0              20.23
8300       338.20         -33.74           -54.93        250.0              20.30
8310       337.72         -33.82           -54.98        249.9              20.43
8320       337.24         -33.91           -55.02        249.7              20.51
8330       336.76         -34.00           -55.07        249.5              20.56
8340       336.28         -34.10           -55.12        249.2              20.56
8350       335.80         -34.17           -55.15        249.2              20.54
8360       335.33         -34.24           -55.19        249.3              20.60
8370       334.85         -34.29           -55.21        249.7              20.71
8380       334.37         -34.36           -55.25        249.9              20.75
8390       333.90         -34.41           -55.28        249.9              20.75
8400       333.42         -34.49           -55.32        250.2              20.77
8410       332.95         -34.55           -55.36        250.3              20.82
8420       332.48         -34.62           -55.40        250.4              20.88
8430       332.00         -34.67           -55.43        250.5              20.87
8440       331.53         -34.73           -55.47        250.6              20.88
8450       331.06         -34.78           -55.51        250.8              20.91
8460       330.58         -34.85           -55.57        250.7              20.89
8470       330.11         -34.91           -55.62        250.7              20.80
8480       329.64         -34.99           -55.69        250.7              20.75
8490       329.17         -35.06           -55.75        250.8              20.75
8500       328.70         -35.15           -55.84        250.9              20.76
8510       328.23         -35.23           -55.92        251.0              20.62
8520       327.77         -35.31           -56.00        251.1              20.49
8530       327.30         -35.40           -56.09        251.4              20.43
8540       326.83         -35.47           -56.16        251.6              20.44
8550       326.36         -35.55           -56.24        251.6              20.41
8560       325.90         -35.65           -56.33        251.7              20.37
8570       325.43         -35.75           -56.43        251.9              20.37
8580       324.96         -35.84           -56.52        251.9              20.42
8590       324.50         -35.93           -56.60        251.8              20.44
8600       324.03         -36.00           -56.68        251.9              20.41
8610       323.57         -36.09           -56.75        252.1              20.39
8620       323.11         -36.17           -56.82        252.1              20.42
8630       322.64         -36.26           -56.91        252.2              20.42
8640       322.18         -36.36           -57.00        252.5              20.27
8650       321.72         -36.47           -57.10        253.3              20.11
8660       321.26         -36.57           -57.18        253.7              20.00
8670       320.80         -36.64           -57.25        254.3              19.90
8680       320.34         -36.72           -57.32        254.8              19.76
8690       319.88         -36.81           -57.40        255.1              19.67
8700       319.42         -36.90           -57.47        255.3              19.64
8710       318.96         -36.98           -57.54        255.6              19.63
8720       318.50         -37.06           -57.61        255.4              19.61
8730       318.04         -37.14           -57.67        255.3              19.65
8740       317.58         -37.23           -57.74        255.8              19.74
8750       317.12         -37.30           -57.80        256.2              19.84
8760       316.67         -37.37           -57.86        256.5              19.89
8770       316.21         -37.42           -57.90        256.9              19.98
8780       315.76         -37.48           -57.94        257.6              20.09
8790       315.30         -37.53           -57.98        257.8              20.23
8800       314.85         -37.57           -58.01        257.6              20.42
8810       314.39         -37.59           -58.03        257.6              20.69
8820       313.94         -37.61           -58.04        257.7              20.98
8830       313.49         -37.61           -58.05        257.4              21.26
8840       313.03         -37.61           -58.05        257.4              21.57
8850       312.58         -37.59           -58.04        257.7              21.84
8860       312.13         -37.58           -58.04        258.0              22.05
8870       311.68         -37.57           -58.04        258.3              22.23
8880       311.23         -37.55           -58.03        259.0              22.29
8890       310.78         -37.54           -58.02        259.5              22.30
8900       310.34         -37.53           -58.02        260.0              22.27
8910       309.89         -37.53           -58.01        260.5              22.27
8920       309.44         -37.53           -58.01        260.9              22.21
8930       309.00         -37.53           -58.02        261.4              22.16
8940       308.55         -37.55           -58.04        261.7              22.09
8950       308.11         -37.57           -58.07        261.9              22.08
8960       307.66         -37.59           -58.11        262.0              22.11
8970       307.22         -37.62           -58.15        262.4              22.09
8980       306.77         -37.66           -58.20        262.8              22.13
8990       306.33         -37.69           -58.24        262.9              22.20
9000       305.89         -37.72           -58.29        263.1              22.23
9010       305.45         -37.74           -58.34        263.3              22.25
9020       305.01         -37.77           -58.38        263.4              22.29
9030       304.57         -37.79           -58.41        263.3              22.33
9040       304.13         -37.80           -58.45        263.3              22.47
9050       303.69         -37.81           -58.47        263.3              22.63
9060       303.25         -37.82           -58.50        263.2              22.86
9070       302.82         -37.83           -58.53        263.2              23.16
9080       302.38         -37.83           -58.56        263.3              23.52
9090       301.94         -37.84           -58.59        263.4              23.84
9100       301.51         -37.83           -58.61        263.8              24.31
9110       301.07         -37.82           -58.63        264.3              24.68
9120       300.64         -37.81           -58.64        264.6              25.00
9130       300.20         -37.79           -58.65        264.8              25.27
9140       299.77         -37.78           -58.66        264.9              25.44
9150       299.34         -37.77           -58.67        265.2              25.57
9160       298.91         -37.77           -58.69        265.6              25.64
9170       298.47         -37.78           -58.71        266.0              25.69
9180       298.04         -37.78           -58.73        266.5              25.73
9190       297.61         -37.80           -58.75        267.2              25.86
9200       297.18         -37.81           -58.77        268.0              26.03
9210       296.76         -37.82           -58.80        268.9              26.27
9220       296.33         -37.83           -58.82        269.9              26.62
9230       295.90         -37.84           -58.85        271.0              26.92
9240       295.47         -37.84           -58.88        271.5              27.24
9250       295.05         -37.84           -58.90        272.1              27.59
9260       294.62         -37.84           -58.91        272.8              27.78
9270       294.20         -37.84           -58.93        273.4              27.99
9280       293.77         -37.83           -58.94        274.2              28.04
9290       293.35         -37.82           -58.95        274.6              28.05
9300       292.92         -37.81           -58.95        274.7              28.11
9310       292.50         -37.80           -58.95        274.6              28.09
9320       292.08         -37.79           -58.96        274.2              28.08
9330       291.66         -37.77           -58.96        274.3              28.18
9340       291.24         -37.74           -58.96        274.1              28.26
9350       290.82         -37.69           -58.94        273.8              28.29
9360       290.40         -37.64           -58.92        273.5              28.34
9370       289.98         -37.59           -58.88        273.0              28.42
9380       289.56         -37.53           -58.85        272.5              28.53
9390       289.14         -37.47           -58.82        272.0              28.59
9400       288.72         -37.41           -58.79        271.5              28.58
9410       288.31         -37.36           -58.78        271.3              28.51
9420       287.89         -37.33           -58.77        271.2              28.40
9430       287.47         -37.30           -58.78        270.9              28.20
9440       287.06         -37.29           -58.80        270.8              28.06
9450       286.65         -37.28           -58.82        270.8              27.94
9460       286.23         -37.27           -58.85        270.9              27.79
9470       285.82         -37.28           -58.89        270.7              27.62
9480       285.41         -37.29           -58.93        270.4              27.42
9490       284.99         -37.31           -58.99        270.3              27.26
9500       284.58         -37.34           -59.04        270.3              27.08
9510       284.17         -37.38           -59.11        270.2              26.90
9520       283.76         -37.41           -59.18        270.0              26.77
9530       283.35         -37.45           -59.26        270.1              26.63
9540       282.94         -37.50           -59.34        270.0              26.53
9550       282.53         -37.54           -59.43        269.6              26.41
9560       282.12         -37.59           -59.52        269.1              26.36
9570       281.72         -37.64           -59.60        268.8              26.35
9580       281.31         -37.68           -59.69        268.7              26.38
9590       280.90         -37.73           -59.78        268.6              26.36
9600       280.50         -37.77           -59.86        268.7              26.35
9610       280.09         -37.81           -59.93        268.9              26.42
9620       279.69         -37.86           -60.01        268.8              26.51
9630       279.28         -37.90           -60.10        269.0              26.64
9640       278.88         -37.95           -60.19        269.0              26.77
9650       278.48         -37.99           -60.27        269.0              27.01
9660       278.08         -38.03           -60.36        269.3              27.26
9670       277.67         -38.08           -60.45        269.7              27.46
9680       277.27         -38.12           -60.54        269.8              27.65
9690       276.87         -38.16           -60.61        269.8              27.91
9700       276.47         -38.21           -60.70        270.0              28.07
9710       276.07         -38.23           -60.76        270.3              28.22
9720       275.67         -38.26           -60.84        270.3              28.30
9730       275.28         -38.28           -60.89        270.4              28.36
9740       274.88         -38.31           -60.96        270.6              28.46
9750       274.48         -38.33           -61.02        270.7              28.48
9760       274.08         -38.36           -61.08        270.8              28.51
9770       273.69         -38.40           -61.17        270.9              28.64
9780       273.29         -38.46           -61.26        271.1              28.69
9790       272.89         -38.52           -61.37        271.3              28.75
9800       272.50         -38.58           -61.46        271.2              28.86
9810       272.11         -38.62           -61.53        271.3              28.90
9820       271.71         -38.66           -61.61        271.3              28.84
9830       271.32         -38.71           -61.69        271.5              28.89
9840       270.92         -38.75           -61.78        271.6              28.89
9850       270.53         -38.81           -61.87        271.7              28.85
9860       270.14         -38.86           -61.95        271.9              28.81
9870       269.75         -38.92           -62.04        271.9              28.82
9880       269.36         -38.98           -62.14        272.0              28.95
9890       268.97         -39.04           -62.23        272.3              28.99
9900       268.58         -39.10           -62.32        272.7              29.02
9910       268.19         -39.15           -62.39        273.1              29.17
9920       267.80         -39.21           -62.48        273.6              29.31
9930       267.41         -39.26           -62.56        274.1              29.31
9940       267.02         -39.31           -62.64        274.5              29.43
9950       266.63         -39.36           -62.74        274.7              29.61
9960       266.24         -39.41           -62.83        274.9              29.69
9970       265.86         -39.46           -62.92        275.3              29.78
9980       265.47         -39.50           -63.00        275.4              29.98
9990       265.09         -39.55           -63.08        275.3              30.21
10000      264.70         -39.59           -63.14        275.3              30.38
10010      264.32         -39.64           -63.22        275.2              30.57
10020      263.93         -39.68           -63.29        275.0              30.77
10030      263.55         -39.74           -63.37        274.7              30.98
10040      263.16         -39.79           -63.45        274.5              31.13
10050      262.78         -39.84           -63.53        274.2              31.34
10060      262.40         -39.89           -63.60        274.4              31.49
10070      262.02         -39.93           -63.66        274.4              31.61
10080      261.63         -39.98           -63.73        274.5              31.68
10090      261.25         -40.03           -63.80        274.8              31.81
10100      260.87         -40.09           -63.88        274.9              31.92
10110      260.49         -40.14           -63.95        275.1              32.10
10120      260.11         -40.21           -64.04        275.2              32.37
10130      259.73         -40.27           -64.12        275.2              32.62
10140      259.35         -40.34           -64.20        275.1              32.79
10150      258.98         -40.41           -64.28        274.8              32.97
10160      258.60         -40.46           -64.35        274.6              33.26
10170      258.22         -40.50           -64.41        274.4              33.54
10180      257.84         -40.56           -64.49        273.7              33.74
10190      257.47         -40.62           -64.57        273.3              34.12
10200      257.09         -40.69           -64.66        273.2              34.44
10210      256.72         -40.75           -64.73        273.0              34.59
10220      256.34         -40.80           -64.78        272.9              34.77
10230      255.97         -40.83           -64.83        273.2              35.00
10240      255.59         -40.87           -64.88        273.3              35.24
10250      255.22         -40.90           -64.92        273.3              35.39
10260      254.85         -40.93           -64.97        273.2              35.52
10270      254.47         -40.96           -65.03        273.0              35.77
